TobiiStream v2.0.3

SUCCESS: The connection to the GazeTrack Processing library has been correctly set up!

TobiiState Present
TobiiStream 988764044.882 1931.74625572128 278.312171313357
TobiiStream 988764056.1547 1911.93785218203 287.491001120383
TobiiStream 988764066.6305 1911.50412985019 287.69914805934
TobiiStream 988764077.6462 1914.98413318377 283.802453884612
TobiiStream 988764089.3443 1915.81797707499 285.07264217532
TobiiStream 988764100.4394 1916.15320649043 285.34544290069
TobiiStream 988764111.3101 1916.03776425212 286.614398819631
TobiiStream 988764122.652 1916.63811142012 286.14059736088
TobiiStream 988764133.7057 1914.81676363878 284.712178953499
TobiiStream 988764144.5434 1913.55701745794 284.80874052071
TobiiStream 988764156.0634 1900.47559946329 265.145331478283
TobiiStream 988764166.4666 1899.4717498918 268.058882871105
TobiiStream 988764177.7643 1857.95643228318 273.279684372346
TobiiStream 988764189.0946 1681.96599943519 287.438053819769
TobiiStream 988764200.2046 1401.6108721221 296.43859289242
TobiiStream 988764211.5814 1324.47761935972 309.177937572603
TobiiStream 988764222.4525 1235.9438148735 319.307219865236
TobiiStream 988764233.438 1176.7884985629 325.968572585158
TobiiStream 988764244.8224 1119.74074542159 332.670924803952
TobiiStream 988764255.7701 1033.42184505697 340.749388480012
TobiiStream 988764266.43 979.262185167754 345.433374184219
TobiiStream 988764277.5267 967.853841627753 342.050118499265
TobiiStream 988764289.4086 968.682188587526 339.3920835678
TobiiStream 988764300.0443 922.640184669333 345.64125366996
TobiiStream 988764311.4522 922.007852615443 351.645468427971
TobiiStream 988764323.3556 926.365407283844 348.490701124678
TobiiStream 988764333.9453 926.022539921415 346.821352745356
TobiiStream 988764345.1217 923.916571595708 343.542971391201
TobiiStream 988764356.6022 924.610011791281 344.200179547928
TobiiStream 988764367.3099 926.449932767013 344.594480162627
TobiiStream 988764378.6853 925.564961333428 340.63030185381
TobiiStream 988764389.9577 925.780553733827 336.732609220012
TobiiStream 988764399.743 926.538845184515 335.144719185471
TobiiStream 988764410.7844 926.659127665712 335.554352702441
TobiiStream 988764422.7951 937.039020575967 311.510079495059
TobiiStream 988764433.2993 937.26400626955 309.793848578901
TobiiStream 988764445.1897 933.982338645587 314.907965128266
TobiiStream 988764456.5857 932.859740298131 315.458105116444
TobiiStream 988764467.14 931.426731077221 314.564539416348
TobiiStream 988764478.3967 929.354433260221 312.041442945736
TobiiStream 988764490.0204 929.140577132542 311.328051147116
TobiiStream 988764500.6157 928.738858698833 311.361673687824
TobiiStream 988764511.6539 926.547760354906 313.215448714703
TobiiStream 988764523.0003 925.512652582118 314.447521501839
TobiiStream 988764533.6795 924.876344364197 315.091129277144
TobiiStream 988764544.8039 925.504545305464 316.065042237933
TobiiStream 988764556.546 923.92620222809 308.59524494882
TobiiStream 988764567.0512 924.429513672492 309.383951217802
TobiiStream 988764578.2815 924.537132974635 309.207806070945
TobiiStream 988764588.8141 923.352062195482 305.011081606464
TobiiStream 988764600.1333 923.210830207319 305.869055720152
TobiiStream 988764611.0571 921.491555252343 304.778339465715
TobiiStream 988764623.185 920.399595392769 305.848827304074
TobiiStream 988764633.875 920.660896636827 304.88664613903
TobiiStream 988764644.8211 921.873096993649 302.65335198499
TobiiStream 988764656.4905 920.593607830876 304.173463421881
TobiiStream 988764667.0536 918.318150269869 304.598711217334
TobiiStream 988764678.2557 915.106046230917 301.566793572011
TobiiStream 988764689.5123 902.065300669131 302.259910534283
TobiiStream 988764700.6585 889.134877003482 303.827181650197
TobiiStream 988764711.4975 871.499175242493 307.304562138814
TobiiStream 988764722.9353 860.765512098301 310.032873976407
TobiiStream 988764733.5308 854.170909401859 311.448813758957
TobiiStream 988764744.8223 842.269882227186 313.67546546242
TobiiStream 988764755.4526 823.276913273235 319.067609034843
TobiiStream 988764766.6089 807.319695239607 322.538178786138
TobiiStream 988764777.7716 807.191411386349 323.077729741816
TobiiStream 988764789.7309 808.856569289873 319.27909544786
TobiiStream 988764800.2701 808.871880330038 320.276173786212
TobiiStream 988764811.302 808.859418359656 321.948409088731
TobiiStream 988764823.1539 809.748918632501 322.89462757554
TobiiStream 988764833.5189 810.017389183767 322.455185526141
TobiiStream 988764844.7221 811.875602610853 321.17729596953
TobiiStream 988764856.0078 811.796080309506 320.616753342912
TobiiStream 988764866.0571 811.165294581269 319.866404123877
TobiiStream 988764877.5024 810.978607860288 319.756439762184
TobiiStream 988764888.467 811.038122866954 319.319672146527
TobiiStream 988764899.456 811.351711904007 319.722809670556
TobiiStream 988764910.7107 811.088057656323 317.928795243421
TobiiStream 988764922.9004 1047.1930623142 277.075226149652
TobiiStream 988764933.3419 1086.51031184146 270.197273056337
TobiiStream 988764944.4246 1187.83929021747 252.275100802264
TobiiStream 988764955.8401 1267.01841713304 231.740527157514
TobiiStream 988764966.3727 1323.12855717431 224.644049920883
TobiiStream 988764976.9592 1376.40663077709 218.585358879201
TobiiStream 988764988.5514 1410.97857589257 205.051878797907
TobiiStream 988764999.6524 1468.08729419623 199.478308280165
TobiiStream 988765010.7537 1797.24072631339 160.671927547027
TobiiStream 988765022.2329 1986.10037447173 134.632328822867
TobiiStream 988765032.6147 2025.400278465 129.067183576145
TobiiStream 988765043.9278 2160.29441849769 112.685335287661
TobiiStream 988765055.3886 2174.80629893307 109.931758181851
TobiiStream 988765066.4286 2183.8526760725 108.853477799497
TobiiStream 988765077.3684 2191.46974391882 109.116274613373
TobiiStream 988765088.8766 2191.64134000392 114.307838307853
TobiiStream 988765099.5972 2192.1589107083 114.126666296507
TobiiStream 988765110.7365 2189.48381650199 110.929213975247
TobiiStream 988765122.1739 2199.06572960527 109.380967924255
TobiiStream 988765132.9221 2199.4035790484 109.272701939825
TobiiStream 988765143.8543 2200.77668241289 108.402610880711
TobiiStream 988765155.4197 2168.45373991759 136.22214463599
TobiiStream 988765166.0909 2165.62440647818 138.630310421677
TobiiStream 988765177.4239 2174.56772462739 130.48408808438
TobiiStream 988765188.7493 2161.12124341786 137.050451613285
TobiiStream 988765199.6203 2150.42153299293 140.29829815736
TobiiStream 988765210.6729 2146.20491138772 140.483648585618
TobiiStream 988765221.965 2127.64046600489 148.904743472828
TobiiStream 988765232.6976 2113.73451931669 155.186720334013
TobiiStream 988765243.4134 1998.70316212388 205.652570282312
TobiiStream 988765255.1429 1975.60399787779 214.505773613641
TobiiStream 988765265.9083 1967.9774541997 217.423621716388
TobiiStream 988765277.7726 1936.28987292764 232.306594030915
TobiiStream 988765288.6541 1932.3876812584 233.774544301942
TobiiStream 988765299.3054 1930.80602768971 234.642486450546
TobiiStream 988765310.0755 1934.34871462184 234.483389411969
TobiiStream 988765321.756 1931.92081358786 237.116691728404
TobiiStream 988765332.6699 1930.45060881556 238.588657638618
TobiiStream 988765344.0681 1929.19366942614 239.817147586821
TobiiStream 988765355.214 1927.16233935603 246.013098510352
TobiiStream 988765366.0527 1927.05933195548 246.413830980688
TobiiStream 988765376.6627 1925.09924171321 247.864811777715
TobiiStream 988765388.252 1910.58594423778 261.276861018123
TobiiStream 988765398.9958 1909.91171255835 261.93863289568
TobiiStream 988765410.4505 1910.56562122935 261.542650993526
TobiiStream 988765421.9008 1911.22808995709 257.559814069371
TobiiStream 988765432.8908 1911.00502575868 257.430174999092
TobiiStream 988765443.7895 1905.63124269459 263.598170203818
TobiiStream 988765455.2768 1895.85318325794 264.995087128283
TobiiStream 988765466.273 1829.31930755546 253.502797353082
TobiiStream 988765477.0644 1813.9281954358 253.230642641901
TobiiStream 988765488.7355 1810.67663082683 254.377356622018
TobiiStream 988765499.5975 1809.33666731853 255.232072211725
TobiiStream 988765510.3931 1794.57821222486 256.206504358542
TobiiStream 988765521.9113 1787.49581223368 256.931019567967
TobiiStream 988765532.975 1784.69908644368 257.748985138315
TobiiStream 988765543.5865 1745.67080422496 260.6460986918
TobiiStream 988765555.3616 1742.71805542112 270.935801220578
TobiiStream 988765566.1774 1742.05178957604 270.620825575994
TobiiStream 988765577.0615 1739.83322209683 270.673858189853
TobiiStream 988765588.5431 1739.8553568157 271.365378674336
TobiiStream 988765599.5404 1740.23317572129 273.408421471647
TobiiStream 988765610.3035 1740.13726874876 274.18821150871
TobiiStream 988765622.0778 1739.17426117221 275.262088762981
TobiiStream 988765632.9526 1738.37282512357 275.540621895009
TobiiStream 988765643.6386 1738.26117287482 276.23243248612
TobiiStream 988765655.0653 1738.25165269493 276.685947017248
TobiiStream 988765666.0645 1738.14686885688 277.977181178488
TobiiStream 988765677.0106 1737.96599479007 279.782124564141
TobiiStream 988765688.6371 1737.78347793831 279.82756770932
TobiiStream 988765699.3657 1736.79840349814 279.548673524911
TobiiStream 988765710.1454 1733.30483021156 278.470276096457
TobiiStream 988765721.7007 1737.77709753835 270.625906979278
TobiiStream 988765732.759 1739.5846523924 266.731787212597
TobiiStream 988765743.5497 1702.16401943167 276.731353496048
TobiiStream 988765755.7139 1347.30840055958 334.409561857591
TobiiStream 988765766.1445 1320.01617424143 336.750880044064
TobiiStream 988765777.06 1331.93972887836 336.146371851446
TobiiStream 988765789.0159 1097.99624938286 345.706381620861
TobiiStream 988765799.472 1091.30304088575 346.677216124039
TobiiStream 988765810.7811 1044.81300807291 353.449652485651
TobiiStream 988765822.2067 1011.16985821792 354.606303890744
TobiiStream 988765832.8067 992.747193027759 359.764672091087
TobiiStream 988765843.9665 1061.95138022597 354.674008605009
TobiiStream 988765855.3149 1019.87709095754 355.967853097758
TobiiStream 988765866.076 915.064679525885 362.136290427975
TobiiStream 988765877.2979 934.482517310358 359.058556351013
TobiiStream 988765888.929 901.274223511473 362.193723504165
TobiiStream 988765899.4945 897.354234301946 362.406588824958
TobiiStream 988765910.5401 898.151217690621 357.683923499596
TobiiStream 988765922.027 898.706008112317 357.525597756421
TobiiStream 988765932.766 898.508833152117 356.237936748362
TobiiStream 988765943.5707 898.259346685324 352.022870495956
TobiiStream 988765955.6413 897.758064373577 348.641642057213
TobiiStream 988765966.0025 897.796624874806 347.823152329154
TobiiStream 988765977.2391 897.982680338777 344.765377568621
TobiiStream 988765988.9268 898.945771045302 341.889335451315
TobiiStream 988765999.5514 898.99937777608 342.422823299839
TobiiStream 988766010.5027 904.01608359433 340.247005765077
TobiiStream 988766022.2312 903.969777418469 340.342829289374
TobiiStream 988766032.5001 1086.83135715208 321.487502319963
TobiiStream 988766043.2959 1059.44115386303 323.722589306294
TobiiStream 988766055.2465 1163.6228205124 308.15244470699
TobiiStream 988766065.417 1205.56887497263 299.16616743418
TobiiStream 988766076.118 1253.49951614644 288.939915799641
TobiiStream 988766088.0905 1385.24604952314 257.117910887266
TobiiStream 988766099.3272 1433.85171782592 245.821021392989
TobiiStream 988766109.9088 1557.98542682265 216.220786335588
TobiiStream 988766121.7216 1896.56716185851 129.432232160514
TobiiStream 988766132.2792 1949.11248080209 113.91044296868
TobiiStream 988766143.2114 1988.53475552203 102.62084478351
TobiiStream 988766154.5695 1988.16530253515 103.404211638557
TobiiStream 988766165.8559 1991.82783087349 105.051803271486
TobiiStream 988766176.434 1994.61405602712 106.244670538291
TobiiStream 988766188.1583 1990.07270021376 110.108936067529
TobiiStream 988766199.0092 1989.67616706655 110.42856643661
TobiiStream 988766209.8036 1989.35495877915 110.714384732889
TobiiStream 988766221.202 1991.29336886349 109.788609845884
TobiiStream 988766232.2324 1992.67033122993 110.17239620615
TobiiStream 988766242.9705 1993.76126785818 110.483309773385
TobiiStream 988766254.6603 1992.37690508866 110.629359439857
TobiiStream 988766265.4984 1987.36084797598 109.835644605526
TobiiStream 988766276.4038 1982.31886266401 109.066567612176
TobiiStream 988766288.0783 1985.46953441594 107.777393451075
TobiiStream 988766298.8889 1983.76857743002 107.438446758467
TobiiStream 988766309.6544 1982.22995099668 107.125245566011
TobiiStream 988766332.2991 1973.19496918008 106.178177741979
TobiiStream 988766342.7414 2081.37933257779 34.4213251612307
TobiiStream 988766353.9992 2031.96162055274 67.2218828064861
TobiiStream 988766365.2522 2085.75163501179 32.4488040173436
TobiiStream 988766376.3269 2107.4385991754 18.7147762133361
TobiiStream 988766387.8719 2166.18959954386 -19.9535510646778
TobiiStream 988766398.6344 2111.84414653651 9.88839132023169
TobiiStream 988766409.2799 2126.98329481489 4.07970303560815
TobiiStream 988766421.4077 2104.03429262375 22.5403063572562
TobiiStream 988766431.9862 1882.19423816684 89.578739172336
TobiiStream 988766443.2772 1639.56073743302 140.481203900315
TobiiStream 988766454.9684 1487.33983303258 175.932891233577
TobiiStream 988766465.6619 1473.36059311878 178.890339813143
TobiiStream 988766476.7255 1558.98856467393 169.802237331461
TobiiStream 988766488.5098 1330.10484222575 206.658784836189
TobiiStream 988766499.204 1274.95384140474 215.964150479262
TobiiStream 988766510.14 978.28329777982 260.595638741289
TobiiStream 988766521.5192 1055.08954486298 248.168766502015
TobiiStream 988766532.2838 1059.9432613781 245.881921173654
TobiiStream 988766543.4014 964.445278349109 262.65444751096
TobiiStream 988766554.9224 915.929874302042 268.400011140952
TobiiStream 988766565.5299 814.494890302848 282.85151497494
TobiiStream 988766576.6964 825.812146954221 281.146669533232
TobiiStream 988766588.2649 791.160602386415 285.487408850732
TobiiStream 988766598.7535 778.599919458385 282.783524089954
TobiiStream 988766610.2185 776.405237126438 273.77140583873
TobiiStream 988766621.7508 777.510099154015 276.916084713732
TobiiStream 988766632.1526 777.253552962762 275.887052778996
TobiiStream 988766643.3848 775.99147404603 272.393963508044
TobiiStream 988766654.9729 773.700520837705 270.86695123764
TobiiStream 988766665.6436 773.053193639253 271.160230910161
TobiiStream 988766676.7135 773.748610568612 270.832654100223
TobiiStream 988766688.2801 773.740171597752 275.811766790769
TobiiStream 988766698.8428 774.782262380245 286.211635861944
TobiiStream 988766709.7793 795.21358197428 356.709321537966
TobiiStream 988766721.5155 794.409361394701 349.741039278995
TobiiStream 988766732.1076 937.888450800898 698.794549914848
TobiiStream 988766743.2008 921.998993286905 660.568327572424
TobiiStream 988766754.7172 1058.82351245775 1001.26627235364
TobiiStream 988766765.2035 1067.0229255472 1021.26025928302
TobiiStream 988766776.4901 1077.08246513746 1046.01814344438
TobiiStream 988766788.1495 1082.56115678492 1059.66116791258
TobiiStream 988766798.9315 1090.03339627153 1078.41117760927
TobiiStream 988766809.9932 1097.07266489273 1095.11021767275
TobiiStream 988766821.453 1071.89998343652 1032.23926113871
TobiiStream 988766832.1804 1121.32320412156 1156.7148234908
TobiiStream 988766843.197 1113.70616012025 1136.10187621964
TobiiStream 988766854.5727 1122.76615997401 1166.53336601196
TobiiStream 988766865.2991 1123.29199177252 1167.85822864066
TobiiStream 988766876.3899 1122.56084354112 1166.69183740491
TobiiStream 988766888.08 1122.47464638206 1166.21491219
TobiiStream 988766898.5739 1122.43781996686 1166.03243014514
TobiiStream 988766909.6562 1122.58706392484 1165.82359064961
TobiiStream 988766921.2652 1122.59557606738 1165.10564912716
TobiiStream 988766932.2751 1122.87232430258 1164.32778116448
TobiiStream 988766943.0973 1122.95701559723 1163.35195154771
TobiiStream 988766954.4925 1122.85016507285 1162.49695729137
TobiiStream 988766965.1471 1123.12797519623 1161.02198047746
TobiiStream 988766976.2509 1123.19994822202 1160.23790630633
TobiiStream 988766987.9064 1122.78030314139 1159.32626765428
TobiiStream 988766997.8813 1115.35227502834 1153.10888315742
TobiiStream 988767009.3695 1116.67651319159 1152.38828535936
TobiiStream 988767020.3668 1112.99937670008 1142.55678961209
TobiiStream 988767031.3603 1027.64580434557 903.691160343247
TobiiStream 988767042.5975 998.515290453603 825.106262834258
TobiiStream 988767054.5092 976.215532470865 753.56915430204
TobiiStream 988767065.012 960.902546336189 705.293807287849
TobiiStream 988767076.3258 933.946950315346 622.118991339069
TobiiStream 988767088.0197 921.566641828369 584.183474513025
TobiiStream 988767098.6023 910.415723927804 550.712567404558
TobiiStream 988767109.7706 909.428657141009 546.030676910598
TobiiStream 988767121.1308 877.60778628395 444.745446067927
TobiiStream 988767131.7125 846.26476440419 344.482956325032
TobiiStream 988767143.1322 845.630608163949 339.956669874483
TobiiStream 988767154.614 844.032816989709 333.309514585705
TobiiStream 988767165.3868 843.939410550094 332.540154153889
TobiiStream 988767176.1447 844.449611651518 332.804079337459
TobiiStream 988767187.7707 845.410180120824 333.659462283916
TobiiStream 988767198.5203 846.093957145758 333.634212409753
TobiiStream 988767209.8295 845.922673839316 334.356067963918
TobiiStream 988767221.3563 846.172524076151 335.409577543888
TobiiStream 988767231.8471 846.283464269327 335.913126213743
TobiiStream 988767242.8071 846.866348297699 336.209743186012
TobiiStream 988767254.3489 847.174695056516 336.349358539881
TobiiStream 988767265.1197 847.249724843268 336.460882386636
TobiiStream 988767276.0507 847.927796388299 335.708356713067
TobiiStream 988767287.8864 848.127453223804 335.880404312617
TobiiStream 988767298.6652 848.375398340287 335.841652409613
TobiiStream 988767309.3898 848.371994535458 335.082170153995
TobiiStream 988767321.0338 848.438894835294 335.048923291591
TobiiStream 988767331.9254 865.012752640539 330.917052609283
TobiiStream 988767342.7642 970.657661718575 305.507766453559
TobiiStream 988767354.5112 976.262189806004 303.887044728695
TobiiStream 988767364.4092 1206.98051611461 237.354290471923
TobiiStream 988767375.504 1545.88517861405 135.58826281834
TobiiStream 988767387.1474 1364.43049148758 193.495826764868
TobiiStream 988767397.6531 1445.25294281757 177.777287300362
TobiiStream 988767408.8305 1541.06723323604 158.148169031974
TobiiStream 988767420.6348 2032.93493890071 51.3913476651459
TobiiStream 988767430.7026 2084.7347470943 39.3855641959378
TobiiStream 988767441.8453 2148.91371011452 23.2660712755648
TobiiStream 988767453.8574 1879.52657966816 70.0105388826339
TobiiStream 988767464.4959 1894.63433605512 67.2708204148508
TobiiStream 988767475.366 2202.44312476169 19.3585709612253
TobiiStream 988767487.5539 2212.30054267194 13.5196560082269
TobiiStream 988767497.6513 2213.83772702795 12.7052039614403
TobiiStream 988767508.6599 2215.45264530338 11.8718437632113
TobiiStream 988767520.6855 2216.75509035969 10.7941681363743
TobiiStream 988767531.0678 2215.13859406632 17.3969598874808
TobiiStream 988767542.0447 2213.93533273912 22.3274900388032
TobiiStream 988767554.2648 2214.66595942772 22.0244552443034
TobiiStream 988767564.1796 2217.47846905499 21.8311074416167
TobiiStream 988767575.2949 2219.54632619335 21.7297739646342
TobiiStream 988767587.2795 2219.56957508078 20.045436070082
TobiiStream 988767597.6092 2219.49570231744 16.910802423254
TobiiStream 988767608.0296 2219.46231106521 14.5635802715736
TobiiStream 988767620.4297 2219.68255395622 14.6679372923536
TobiiStream 988767630.7909 2226.30089475499 15.9612267016871
TobiiStream 988767641.8851 2231.12464480578 16.8820006042754
TobiiStream 988767653.6371 2237.81603424777 20.0205851799557
TobiiStream 988767664.5808 2227.38685348328 23.1582669699225
TobiiStream 988767675.2019 2215.6875963384 26.6063218236889
TobiiStream 988767687.0091 2178.26468531473 36.6146061328616
TobiiStream 988767698.05 2165.82161230468 39.6957524557158
TobiiStream 988767708.4793 2154.24049577808 42.5995824772959
TobiiStream 988767720.2133 2047.98317610026 68.8627516300739
TobiiStream 988767731.2959 2044.45958841932 69.7477048923181
TobiiStream 988767742.0219 2040.91586604927 70.6325863763158
TobiiStream 988767753.5572 2046.371527389 69.0584272696849
TobiiStream 988767764.6974 2048.50963713797 67.6414009844297
TobiiStream 988767775.3236 2050.09778306614 66.5781446025013
TobiiStream 988767820.2786 2052.20045335584 65.8768221769001
TobiiStream 988767831.3178 1249.4762588521 185.006873617516
TobiiStream 988767842.327 1234.34497495727 191.713067417739
TobiiStream 988767854.0406 950.186823974618 245.731937662497
TobiiStream 988767864.6392 902.330575849334 256.033594611034
TobiiStream 988767875.7318 835.717527679571 277.202642280653
TobiiStream 988767887.4408 798.178670241029 289.886318965077
TobiiStream 988767898.1551 764.399156517026 301.611374729366
TobiiStream 988767909.2048 741.364738071714 308.81599074287
TobiiStream 988767920.6285 730.511371095644 312.121225828019
TobiiStream 988767931.4806 688.576509391407 324.009559798958
TobiiStream 988767942.6268 711.112345804652 315.676440110171
TobiiStream 988767954.0058 676.039581107233 323.546418165476
TobiiStream 988767964.6542 647.088676711088 331.361764433834
TobiiStream 988767975.9215 649.102003434221 325.828697066052
TobiiStream 988767987.0883 648.253150350042 325.590777581598
TobiiStream 988767997.8978 648.700307390887 323.610068495587
TobiiStream 988768009.2112 649.137337528414 322.643139757849
TobiiStream 988768020.409 649.062951152309 321.305938139359
TobiiStream 988768031.5112 649.301177888871 319.659964416653
TobiiStream 988768042.3852 648.691814433362 317.066918588307
TobiiStream 988768054.035 648.291831974422 315.070579854114
TobiiStream 988768064.6252 647.950599158012 313.293419584266
TobiiStream 988768075.9067 647.985478763716 313.196214540902
TobiiStream 988768087.2365 647.545385851545 313.000572468894
TobiiStream 988768098.2083 647.573237675226 313.068599851754
TobiiStream 988768108.9707 646.774563644081 312.155685227351
TobiiStream 988768120.6401 644.033664807477 310.318798068942
TobiiStream 988768131.2692 643.888784300067 310.143013206801
TobiiStream 988768142.3293 643.535951482686 310.073690090731
TobiiStream 988768154.0069 643.308085048268 309.616853435661
TobiiStream 988768164.633 643.925318076722 309.253164296257
TobiiStream 988768175.6644 667.829264959768 306.896871457542
TobiiStream 988768187.3133 668.490406231907 305.957364655438
TobiiStream 988768197.8521 867.098757292949 245.694664397996
TobiiStream 988768208.4546 895.492497226638 237.29558105251
TobiiStream 988768219.9907 1127.59003277084 168.275529351106
TobiiStream 988768230.4738 1187.25231514023 148.805940074202
TobiiStream 988768241.35 1251.9673738921 127.532839386378
TobiiStream 988768885.7775 2118.5989517902 43.3813011959415
TobiiStream 988768896.1906 2118.5989517902 43.3813011959415
TobiiStream 988768907.7991 2118.5989517902 43.3813011959415
TobiiStream 988768919.3742 2117.78206070696 44.8211789441427
TobiiStream 988768929.5728 2113.88145085745 51.6965157447606
TobiiStream 988768941.1522 2111.84679218873 55.2828686899147
TobiiStream 988768952.7267 2107.80343916192 55.020490763576
TobiiStream 988768962.8566 2107.91765582973 54.9927000781727
TobiiStream 988768974.5403 2107.30621911432 54.962749859965
TobiiStream 988768986.0061 2106.19277540756 54.7142217899539
TobiiStream 988768996.2528 2106.31682576713 51.484976033854
TobiiStream 988769007.8398 2106.4335162969 48.6709908201721
TobiiStream 988769085.7035 2108.61670127805 44.7764644976114
TobiiStream 988769095.9921 2108.19388476972 65.6108515042189
TobiiStream 988769107.6736 2108.09212076005 70.625298005281
TobiiStream 988769119.1347 2105.82423040285 69.272940393481
TobiiStream 988769129.3588 2094.99501568373 62.8154099803581
TobiiStream 988769141.106 2089.346325301 59.4470595609678
TobiiStream 988769152.4328 2080.72106995237 54.3037643009373
TobiiStream 988769162.5855 2098.88410361678 53.6097293404104
TobiiStream 988769173.7436 2131.82700612873 51.792860294606
